Homes:
  main:
    X: 2435.0695935035997
    Y: 76.0
    Z: 5770.023514795849
    Yaw: -53.401978
    Pitch: -2.399961
    World: world
