Homes:
  main:
    X: 2451.7811487122253
    Y: 71.0
    Z: 5773.051982483462
    Yaw: 18.521332
    Pitch: 14.999865
    World: world
