Homes:
  main:
    X: 2432.531943767588
    Y: 71.0
    Z: 5791.6292049787835
    Yaw: -171.44739
    Pitch: 7.7998977
    World: world
